9034065894
9634973825
9424425693
9715543492
9023758547
9716359285
9384211473
9610091079
9680751412
9102643415
9814851444
9240897786
9528738098
9545758826
9013028568
9011514282
9187109956
9849443549
9062514803
9351226986
9104862132
9287675620
9463340674
9426047111
9061622422
9346039193
9572589356
9320951605
9293797487
9924414861
9907558887
9927076739
9788067202
9413587519
9748617391
9478467002
9130793063
9396261134
9563324050
9079207375
9813585995
9800403447
9220650987
9242737752
9388928957
9432869917
9808516774
9016006254
9710486827
9426924036
9274937304
9951941685
9989551278
9548525698
9419267497
9329597218
9718693851
9693083324
9707310190
9802731415
9319713828
9489428380
9015079582
9662825522
9820806620
9756185091
9337363484
9168148642
9546399932
9150034202
9272828192
9714947174
9953421754
9025086694
9641989874
9388352382
9713168983
9826802134
9545657390
9731794012
9192646757
9009380302
9732576045
9503507147
9646629297
9801647204
9231744293
9068090356
9849668865
9884552691
9076801152
9523431134
9559575403
9113308958
9559848074
9299455043
9188063578
9264749798
9757598555
9080957755
9550900419
9878875434
9394456540
9671119286
9622350433
9741527663
9489766134
9561372171
9049988352
9850473859
9653661286
9090047474
9419350091
9457392954
9247625366
9173288880
9430628703
9974150803
9895207933
9156306937
9049475678
9896088709
9686545400
9467708711
9373389300
9001307877
9933891724
9980486339
9696837704
9676177934
9330850227
9127727026
9834839157
9527337452
9248036522
9772810444
9177113701
9215406330
9399368294
9128693527
9122827540
9597745710
9197755477
9838324555
9719717138
9261130564
9862708589
9579746745
9803068787
9544076046
9533560139
9586511246
9373476108
9065882038
9662168313
9944659427
9246580673
9179084668
9260851257
9965056632
9381070669
9614411400
9411879461
9283967377
9154932202
9017548698
9479089361
9748728397
9978170889
9742120704
9853718053
9790076625
9522416892
9799113436
9199146502
9078143359
9336996102
9898335418
9345278267
9933803784
9726961998
9524006301
9759393462
9118867093
9889514969
9826012940
9912828116
9739949975
9308277665
9819366540
9226667971
9615847512
9988639569
9044177516
9969419946
9836271600
9472995561
9854343461
9122874504
9354833761
9824821797
9263380785
9032966773
9889047613
9435284231
9122151771
9442967760
9332882072
9916378169
9177345926
9933696363
9965375440
9344956186
9918868838
9109501502
9128489284
9866747209
9901385758
9776745966
9366740171
9045559251
9509677328
9027708811
9983639468
9678072398
9864133328
9268012841
9062924446
9076672050
9791501058
9479844391
9116504304
9677319195
9393997093
9271482973
9572954523
9194833939
9496216197
9549947251
9189982507
9973619124
9454785529
9816468418
9218999063
9690569398
9791970781
9443578912
9459575399
9778489851
9900210346
9925374468
9083317272
9236055468
9275742719
9029269707
9051820786
9709056781
9702945933
9466179703
9890777736
9528389285
9729895543
9154815000
9180334390
9458117991
9186748668
9984053714
9270223519
9770139139
9474360615
9555075642
9247695949
9876210716
9547486136
9577547410
9162259426
9138059829
9046054736
9199781944
9542333904
9365117300
9257068240
9777918343
9128552490
9845988808
9906831688
9537667303
9164963044
9921542320
9334003247
9064384960
9962053417
9318962007
9385613759
9563812140
9647432090
9739222870
9092234302
9629563537
9879456592
9820422648
9765964496
9051392416
9599075609
9143604279
9713535226
9687661321
9817846397
9365552310
9686388929
9795346500
9032143639
9598050850
9077863347
9377410795
9877589323
9979480145
9605800575
9639918152
9607249187
9741041076
9719414558
9972636066
9044523908
9940335839
9699515896
9143139621
9555340866
9146319721
9398208689
9346106496
9895287529
9372434133
9229381232
9943596385
9626504224
9670285185
9053104158
9987469683
9137324971
9684456497
9645010558
9193715717
9466360257
9912518276
9514492218
9749210657
9687282411
9253330310
9704108875
9602818555
9023604569
9305013267
9634046782
9685779187
9451519845
9350544277
9111799151
9099043819
9273971410
9079054704
9932629801
9699794435
9507035838
9530651358
9654396898
9183215258
9635181855
9102045712
9629210853
9194452996
9139214969
9398860869
9413352448
9271938969
9181815080
9500976123
9536635642
9388928056
9222126459
9336203628
9446132709
9714180823
9533056011
9867908997
9550874109
9908489413
9170644870
9921233724
9698651358
9502995603
9369600927
9229672702
9456827271
9046298843
9777298657
9105294039
9760131931
9498462197
9525633530
9603390821
9406067476
9983871075
9511218317
9254593408
9026902404
9344870198
9461093842
9531251520
9299883766
9695922916
9712016196
9476614518
9035824848
9391283409
9414217889
9100402189
9543575634
9445146692
9572328396
9867963302
9306931325
9372347503
9587711671
9875059619
9930565447
9242871353
9759920242
9291822696
9348238468
9202288044
9922557993
9036465158
9510921494
9294939000
9299201226
9796596979
9277537662
9197119234
9117882364
9683842471
9285022554
9458762006
9429840671
9815518953
9073880391
9303510104
9053508492
9858420608
9176681584
9699267209
9635080066
9793624051
9682984581
9561157958
9124369869
9144824839
9752882076
9946330030
9225150461
9139625936
9314803891
9715385072
9372838834
9613536129
9244068447
9875858644
9683509279
9068777040
9907539209
9253191724
9775667760
9786550404
9004092184
9637298688
9947988779
9750441666
9934922780
9090323207
9939898276
9228595180
9901851197
9745056061
9034252523
9907800167
9967911105
9620704613
9151224635
9203522802
9764181949
9339171528
9760694452
9600154612
9896071504
9305074375
9326818260
9548822179
9681627508
9410187896
9569740203
9271328158
9290237071
9326762042
9583830105
9695930099
9534694571
9261621141
9622497591
9040190767
9868100487
9917604481
9684178858
9882584860
9081017904
9474898813
9153567237
9393373083
9031361282
9051093260
9431298966
9581140945
9770121791
9412432051
9479584066
9838845966
9620524688
9850217935
9328680083
9772945910
9852913378
9501870694
9203540030
9707870334
9955175499
9154652074
9198624832
9452168701
9628597119
9085063141
9476729325
9054143632
9676533823
9998775739
9324874933
9237195356
9787622776
9115184317
9349217687
9123321083
9530854835
9245739954
9397193266
9871625671
9622221911
9256577319
9768549840
9795288355
9798722635
9889224479
9458941407
9502565537
9256766488
9283434616
9799608695
9504340781
9535855429
9952974771
9417252901
9038773767
9374642861
9774433386
9043959057
9163150855
9083920923
9959404834
9223444720
9459318707
9899487872
9314292769
9240080349
9525895884
9325287258
9442008466
9468718778
9581229445
9909076396
9073631889
9065007524
9543405807
9205497605
9009113649
9502546140
9727996094
9016813784
9597976740
9490757760
9325843465
9336738650
9447272532
9258395769
9567132893
9762819704
9549033073
9334177591
9990286071
9189644775
9611648298
9417285798
9506487092
9574353898
9570733488
9656744059
9814673521
9870415767
9818511996
9509205186
9763054288
9159998385
9271874805
9156255545
9003942151
9724405511
9520752032
9994632062
9957164762
9146704916
9180345450
9556233129
9268503951
9402621195
9598243895
9299800827
9717458261
9842749944
9329564803
9015374340
9701659368
9267360006
9682573614
9686456342
9320187033
9052456194
9666745078
9347266101
9122564413
9393861515
9657755709
9431738656
9516891091
9106480633
9612485163
9654302426
9057364389
9395878720
9022546606
9958099387
9450500007
9928349914
9218206032
9277778457
9205507692
9503633089
9252056066
9402289386
9236950860
9774239544
9796433228
9224332408
9610438193
9298177464
9986985387
9502513884
9535849535
9217878087
9914337484
9311405047
9038007533
9670558809
9010987313
9377151507
9650025491
9759564581
9049173934
9396808903
9651716520
9999145753
9777657666
9304507669
9928500929
9045572872
9919853960
9814597716
9364757563
9473872142
9661355637
9980525635
9874170451
9963885588
9640366144
9385696243
9748360715
9043699072
9287717917
9792816506
9733381864
9873449682
9757689891
9997454988
9837628757
9632906562
9669865827
9023711377
9378547750
9329606772
9075529792
9895048537
9946764224
9177765918
9956087477
9213081638
9992811295
9089264287
9074162735
9947599737
9869078418
9966076295
9689061428
9802395458
9749735500
9181751950
9971201382
9971979660
9993938459
9736763797
9065513198
9657206748
9721516164
9427463011
9490619402
9805464704
9948434520
9631566665
9946254553
9626210520
9832630033
9347858883
9369372287
9256433865
9030818523
9835304157
9252072334
9126399330
9110888908
9726479440
9594946154
9742452362
9149915529
9618000793
9464485902
9844944771
9368408469
9648530052
9840519974
9565353123
9604018577
9887618897
9801651624
9673237205
9782896356
9484148875
9750310403
9463578019
9097405306
9068634790
9211341870
9330358220
9864555943
9421518202
9121422604
9326062353
9465246767
9710304014
9627274882
9866595052
9478816078
9710604024
9391684464
9542124348
9984738394
9908232599
9009298924
9975075873
9562233880
9002792096
9891074049
9559679556
9258216876
9569832235
9387278227
9964086730
9270089485
9024888354
9913238002
9074332485
9027031407
9399778621
9321136666
9021889749
9298606936
9076207337
9663619615
9249605804
9097105555
9848795204
9646395066
9209660902
9998410889
9207327750
9893018570
9084112004
9237920492
9726690505
9019800866
9934706295
9521196765
9513151355
9570280929
9823917999
9828631592
9662193078
9256336104
9877211975
9277701638
9860097461
9212300689
9623844486
9549562912
9864948610
9909402210
9944012805
9395378659
9457886765
9191491216
9396139285
9119068902
9219586327
9228458714
9280350660
9381728785
9875713828
9464572620
9514827081
9870361105
9390884347
9639698530
9201673754
9578233647
9881426253
9109411293
9140729551
9459441182
9235614706
9638228453
9976422353
9854479338
9587030303
9353724282
9903227153
9661720467
9418426943
9310078002
9093543227
9237913598
9659015744
9090494146
9798865513
9200210632
9425212616
9049511922
9334067609
9635409807
9695861160
9018886859
9859073921
9969532917
9446852857
9117810589
9639274529
9933302702
9122049458
9174573636
9955611530
9346268721
9204178181
9926107572
9014351652
9532928436
9186302008
9686679439
9153025313
9444914895
9772946831
9265623392
9085160049
9784483787
9569775553
9514952453
9574482480
9125189899
9432427339
9875945559
9912335760
9184714878
9404968803
9290094691
9511676185
9567612060
9205139193
9445399515
9690597014
9409480137
9062212093
9630724726
9524802072
9362089675
9035993715
9368385165
9913640904
9068154425
9488668946
9904574445
9324832630
9061396456
9509678829
9891726467
9854457502
9850671044
9162739435
9546768419
9018698588
9128293053
9784791102
9228543381
9321819438
9699573910
9408977381
9515530737
9746136307
9382577640
9133598709
9875439021
9802349360
9358385079
9542026317
9343642882
9406482762
9255172283
9070001193
9155020341
9134533561
9280562683
9122550717
9752422846
9164498312
9126735514
9297358503
9399604107
9315113956
9221888481
9590670966
9247036645
9191885315
9058786708
9727156402
9364835689
9412592447
9132510693
9517862747
9525640259
9901468996
9506816224
9540618473
9142584303
9772305749
9680205124
9725846747
9272866036
9151636392
9212383395
9056527302
9300940390
9795359277
9705086214
9898657334
9860097468
9684099178
9537909905
9913976388
9001992858
9104668976
9230365649
9331389640
9462022044
9709042089
9289910116
9485581446
9704248629
9570825190
9445654356
9861792163
9181734990
9832924361
9272979246
9327896545
9626978549
9914632721
9420980269
9512261591
9034757468
9002699234
9576259654
9814799855
9762266752
9792295456
9414616305
9194215474
9713788265
9503702000
9050967685
9979144320
9603061670
9562072399
9603174880
9167671733
9042049719
9999538877
9823780290
9729241539
9768805288
9991489893
9647713662
9812754432
9672935764
9269147169
9597184390
9124951934
9531801447
9443634196
9725697855
9271554476
9444310537
9529180701
9050935482
9944575914
9086920717
9460263340
9820566690
9721774401
9976521392
9673859343
9843962345
9543808441
9172572984
9523690209
9155522375
9680744836
9951483925
9154735658
9921099409
9443145247
9954362360
9933642671
9138701969
9993041289
9106342467
9144466315
9749210831
9473326655
9518643106
9155244340
9971910110
9746829168
9836485967
9404735769
9312401747
9811216639
9078894128
9085667257
9919530471
9563496753
9572918196
9066360957
9027017204
9304033796
9507615797
9085615746
9539030909
9308462676
9528564925
9150490581
9843888183
9271989601
9863714486
9345002379
9345617788
9723704334
9003826678
9206677051
9053254538
9751259410
9920237789
9760778346
9851843755
9007091954
9915658392
9299502490
9766594520
9058817212
9429047671
9445375958
9439895163
9625665895
9142951029
9003028693
9953207083
9394417655
9016512761
9672365322
9975692694
9683752759
9829713760
9426422638
9175479790
9580470356
9494803052
9777072962
9067564628
9996304781
9988960654
9272044950
9024879343
9051417394
9946142376
9199942585
9201347144
9016724238
9528130722
9343454299
9781558462
9362427208
9153730419
9442382837
9398665569
9121693859
9166204144
9814665736
9137269981
9657308298
9103519133
9730196514
9409259784
9639755711
9138815437
9255827359
9589800964
9800626655
9727445367
9450192628
9066735000
9718180099
9599065742
9518093607
9739876233
9414380731
9590883671
9478915471
9451562058
9706112397
9897362790
9828315763
9639044401
9065195719
9254779355
9059283589
9936144201
9769592019
9615479644
9145637410
9697875655
9274942748
9599901925
9299904957
9459929677
9713370747
9679570193
9105374121
9952452808
9925661581
9260869719
9744026500
9424432081
9039512973
9498500610
9396256536
9682509596
9329203315
9840977155
9314917509
9345122505
9200259567
9649192977
9926909008
9882477108
9169063346
9457833220
9945434622
9482376101
9943893776
9622126960
9972879950
9372846172
9271202922
9574048456
9926672521
9661718155
9481422121
9501729534
9993880926
9470523276
9081194594
9467814209
9968160973
9933651592
9926787974
9146089032
9313719893
9017735445
9688666589
9743680343
9134544550
9216173672
9893767157
9980467412
9555416736
9491789906
9890633659
9348020123
9321107348
9092609070
9858473225
9099429093
9322426467
9785303273
9436523553
9329926112
9459908000
9356738569
9667578996
9040406116
9262544585
9611479913
9259069967
9879628939
9623636826
9100594928
9443696457
9986372123
9856773869
9123193737
9852823615
9264931635
9823088936
9724885463
9879592154
9574820609
9829452707
9288209897
9366431177
9414085063
9606586855
9060415258
9840538913
9069100053
9359120940
9910138718
9299118270
9682650314
9689249558
9493465862
9705696923
9182044079
9160660136
9364124148
9851573437
9900663621
9186371435
9612239655
9995931206
9323396918
9703894417
9978531056
9519569174
9324508062
9849441286
9305501795
9549336665
9776850497
9976652270
9393593993
9228454739
9524297391
9873672754
9341621815
9221349286
9440443644
9132886243
9232648024
9242528297
9893933094
9111095055
9484091148
9481476769
9041713191
9533315275
9196534886
9920829253
9345485833
9559585391
9396470133
9043493557
9307346658
9466528166
9022507470
9217281656
9936748281
9595304076
9117817981
9123424673
9943819539
9421767547
9685152940
9082868231
9054424887
9589537370
9734843677
9947210587
9463702706
9366171274
9874004218
9595695536
9599084911
9547348202
9025864670
9929824092
9434703331
9061370860
9409871334
9810878871
9491539186
9105948546
9214120367
9443406783
9879659970
9011548261
9856034240
9733774553
9371427191
9107547302
9257756779
9705705619
9650791747
9006452305
9249000826
9197675757
9556015784
9797347115
9888384355
9335835129
9321624699
9852851212
9578695610
9268443641
9615064634
9671340150
9452359365
9812336139
9440368292
9585852718
9919735562
9195885991
9883921852
9715494183
9198017185
9486783494
9106554865
9457181076
9708652157
9155220759
9734167818
9818645780
9167226349
9045357926
9922587253
9432007474
9524736594
9360053984
9113797529
9927526228
9850532658
9684924757
9665792100
9979954897
9357397545
9011999840
9426039311
9732047419
9127527665
9569324373
9676012164
9089595967
9517527896
9876558671
9265866323
9493015835
9494845468
9730613712
9463778154
9553820219
9330774518
9811722182
9102723563
9899439851
9217407122
9134348825
9493016249
9941948923
9083142177
9102082498
9884153673
9279703544
9495455252
9100415518
9530274285
9335128875
9276190764
9577416300
9449821298
9221183381
9934689123
9065750651
9806655687
9885202946
9904714294
9834920089
9388841400
9654435267
9756622292
9659130211
9724092239
9438608573
9660689107
9143872460
9442450440
9279818632
9182240807
9633728291
9713582603
9754155987
9495957765
9257705753
9262119945
9585789209
9253324726
9268925465
9810546536
9984102522
9702853052
9007040951
9759876541
9930931445
9322479511
9710179209
9316946052
9071758181
9641957117
9786492738
9887029066
9793861369
9065901509
9032287490
9181290451
9353899687
9582459609
9219839053
9534539607
9540972742
9073102134
9089169584
9871142103
9653365946
9040809445
9478468596
9637524096
9024840389
9529616789
9380459716
9299168163
9588748931
9761792207
9580980117
9451262226
9214435331
9102884716
9901417340
9946711804
9681769042
9869971899
9815906002
9791959589
9230658640
9323791559
9270460017
9922250825
9197060749
9262594030
9391862675
9515748090
9101733352
9175312741
9107653461
9595675544
9126926812
9416169790
9025192714
9205358271
9981468748
9362280824
9993193493
9776326134
9681660666
9042073593
9046709763
9266506735
9590628145
9731431255
9421854156
9796474464
9694355916
9691056463
9052208899
9322532769
9202179029
9857207998
9198389026
9190091926
9735885287
9756527161
9083816714
9377009564
9345745546
9463294050
9845676070
9424801376
9604371321
9717904776
9474783190
9061291980
9928808695
9576203870
9278542416
9531568547
9898376726
9846733557
9483516731
9753157081
9179206267
9480249387
9373520407
9166346700
9561725124
9386012041
9405639700
9768329966
9235540249
9241356990
9169380845
9737811604
9639557846
9560996649
9598788501
9255579866
9820888041
9159511642
9905116967
9168434680
9846611410
9801633729
9509704234
9514308331
9960058121
9419909749
9994973943
9196530740
9199440886
9157989120
9437151406
9650403657
9405766674
9876299732
9241462791
9146613646
9639700684
9977309650
9636102824
9422305845
9055862945
9806055078
9796783223
9345528054
9496764970
9549590540
9532590089
9485741291
9158781769
9519222483
9624733910
9984666986
9580280254
9976129381
9194667124
9386417280
9794388348
9055971068
9240835384
9735759088
9345693872
9790580106
9489759442
9439757691
9714867954
9239361488
9072106662
9630932362
9247503233
9291321347
9374864065
9891299184
9281678780
9612950709
9717153830
9965115072
9369488565
9874394522
9710678838
9342584531
9684754403
9469970569
9846305905
9778897950
9934602675
9713698719
9053831176
9629500356
9302521291
9294815603
9219975636
9906378263
9145430783
9071891405
9757441622
9989148446
9905817210
9655436727
9412360934
9824850054
9404756562
9015590544
9145316527
9459866780
9106278891
9355799498
9310708264
9390627406
9332338910
9206730314
9516178314
9033265959
9145641394
9004550718
9473952546
9634474828
9150579273
9596075504
9206388330
9780063548
9302627699
9766453769
9440184586
9120156198
9103062182
9802950091
9955077801
9662294470
9903681211
9813536777
9706081709
9227931188
9620173808
9743240564
9102536466
9694595354
9941523064
9566040385
9091225423
9621316897
9463573960
9383156845
9394219047
9095359156
9635242556
9277422753
9279003636
9942914934
9057987488
9545344244
9904611265
9258113887
9086406366
9744823428
9317823888
9129663166
9569353529
9069912666
9780331000
9098838051
9040269982
9768664336
9003333175
9899875563
9911773469
9269038734
9413823111
9884434233
9300142381
9914556821
9370185990
9823435638
9873414349
9646870831
9051148532
9402797424
9584087657
9153444136
9261569304
9335825641
9306236278
9638875908
9596849028
9762581549
9097107098
9525765165
9421337500
9431674229
9152360104
9547829498
9010097604
9909489015
9339662590
9019468799
9304085090
9666312895
9023642811
9503849292
9522384982
9085658454
9629319089
9857082692
9708976913
9258654481
9025121269
9934509969
9500706822
9230554163
9150764528
9248318120
9416543919
9220660988
9757518511
9007591040
9314985920
9455920467
9507025644
9404721879
9564018497
9171659198
9484635897
9258589716
9026583713
9131178804
9459477661
9802224057
9652201128
9498803375
9068011113
9156865660
9787456203
9714040979
9482521099
9431055648
9124242891
9816990124
9490340184
9413744972
9217888927
9738382034
9649724009
9043204777
9985184693
9536380366
9919850617
9552043771
9841045667
9271820553
9227452752
9679173311
9258905166
9756695546
9315413100
9809355081
9080765754
9570709751
9731259672
9085101237
9066375955
9383244886
9308852166
9139521440
9377640934
9942666711
9370332435
9368920799
9640392411
9554854194
9679622760
9094573568
9721990406
9356570940
9534390407
9064042158
9248674220
9776240114
9789039181
9059339205
9532262840
9468733429
9067277436
9392224080
9221262190
9190882207
9790647737
9549437185
9952089790
9479159243
9283951196
9611741776
9327320795
9471661446
9096612246
9685385889
9261987487
9751411463
9952512372
9683128558
9436671547
9044874296
9378657435
9068807703
9113970087
9189519568
9893044407
9350622644
9387350168
9596437523
9910092093
9860724094
9062380268
9730590423
9101395616
9597180181
9663471463
9102460196
9703594908
9515907942
9870945301
9977889634
9997972138
9264583602
9366773979
9749069286
9829280821
9690549677
9831566493
9307500260
9520719150
9413264439
9649059877
9858339116
9119468781
9172353238
9689615717
9345050713
9900237661
9353463638
9369973961
9739832360
9260485266
9715847652
9250769014
9575993418
9933472256
9207311217
9935369968
9209206591
9826227221
9574225444
9701283437
9906101517
9234927237
9801858768
9608128282
9869422151
9748316416
9009816244
9759291086
9714505406
9212584217
9852591010
9151668745
9328234243
9283988052
9973965930
9940926053
9759732207
9847247116
9223605649
9615491303
9449234664
9017055813
9926698271
9874573033
9949187506
9785748992
9686704516
9091786205
9487729867
9884284166
9615833011
9897920048
9304970981
9807145579
9150880560
9290800556
9589654751
9535194783
9806179486
9341867878
9765318833
9775417326
9324361382
9995137650
9344712745
9599211555
9108655188
9097571754
9524419558
9745362486
9989978975
9894538332
9377791508
9472174609
9884937821
9475188892
9418620902
9487020772
9101411514
9845821223
9738882034
9703916547
9181041969
9983688789
9419519195
9431919316
9273418935
9291512165
9947820106
9037769732
9264639195
9274688616
9776818219
9106170856
9653715432
9993115017
9564256810
9436078757
9954723977
9244945370
9687312701
9854194466
9876692261
9590534390
9214712345
9398416738
9663541698
9328401763
9096819800
9317871434
9367883429
9868397404
9634270471
9080601929
9264378633
9161949123
9877086688
9919420636
9690004534
9527827369
9206022692
9624089390
9052216271
9675478628
9706828730
9611996581
9566827157
9986784325
9313863265
9868842885
9104252912
9845923724
9516590233
9504246786
9045710741
9718262217
9239651303
9141754488
9947642934
9148969370
9185946188
9237197894
9964302933
9549273515
9690653233
9445914304
9709111204
9007185561
9361655466
9511172652
9651204218
9660732913
9322221466
9098125189
9062620074
9786553431
9122869927
9735674991
9826896524
9644443953
9731724676
9235999816
9187049844
9137383983
9441934075
9113037029
9210714589
9348585654
9890080338
9781507271
9238156360
9685602186
9588322870
9848827010
9333694930
9454842403
9989220197
9908632426
9806232598
9332069759
9962348989
9063908462
9417065910
9256185629
9869991105
9196003797
9525942087
9443075057
9158565082
9243533334
9880549749
9129565556
9558013562
9182678503
9249237934
9829768280
9059052179
9546369110
9283313701
9167543968
9780111593
9276816162
9920955211
9327135629
9446936845
9256650416
9999381266
9913423437
9862108210
9974692392
9237177154
9331105593
9225556373
9445144169
9302631785
9391882969
9213204825
9653935772
9794112972
9358473505
9509747372
9924117665
9243967667
9818225595
9882643774
9215960865
9668895794
9016302115
9578873077
9955382529
9185762667
9231839904
9171216965
9093998447
9072550471
9198919542
9600542457
9872595815
9702937415
9254469431
9497996633
9787591516
9187639412
9349396981
9328359862
9181750481
9599512361
9917085653
9646265379
9376055579
9681111249
9544353235
9021125537
9065544494
9666632161
9860967995
9755496923
9562359564
9724278853
9604869151
9151677437
9595193158
9883713114
9425779223
9748487697
9463509497
9852843196
9109814372
9850915360
9277673335
9444096254
9799960053
9724042043
9424068873
9624335301
9992349920
9619596388
9888448111
9213294313
9793190635
9846401818
9930469372
9559936512
9201003702
9359639347
9957987759
9784530743
9564725369
9568564378
9555682675
9419373929
9024250934
9236639422
9011428848
9006455763
9299204276
9507894142
9653869535
9882731728
9774884201
9192115455
9570601421
9574091173
9905634670
9701342098
9081395393
9843573602
9904691957
9014039912
9354366047
9407815792
9698347363
9434856586
9167511893
9324646747
9665078876
9237290912
9792425370
9613441737
9462414385
9917184026
9396781552
9656842709
9990818069
9118209020
9210149750
9765937939
9157003819
9814377887
9381450326
9619231750
9414820343
9901282054
9874675738
9336473047
9720318460
9270888519
9324775491
9418248114
9104993216
9930595841
9293719757
9076657295
9824339031
9649020041
9356634162
9078463822
9987833792
9025359393
9560013356
9542373031
9661487368
9074751621
9913994934
9669852123
9572941625
9450807512
9021627826
9799332201
9717676766
9567316808
9293015863
9763990585
9554847093
9752696012
9395275166
9470232455
9171056216
9825846910
9532134424
9867543351
9527305922
9749384866
9927550302
9988219696
9301875791
9676317136
9620682989
9762621696
9739924532
9001580322
9594155407
9173095028
9688291500
9517313229
9689479974
9925268891
9132772876
9325017264
9267279752
9109105960
9240207189
9918214071
9151893748
9477543526
9961906326
9643697889
9052023206
9857391736
9468298177
9837213959
9980129104
9528466576
9562220652
9598008583
9614418842
9165991469
9200331771
9881623619
9188517975
9371293001
9827387500
9868853710
9885535620
9280558892
9102614803
9059677051
9063459284
9636480883
9767395134
9719178068
9266967100
9479644341
9933682624
9564184759
9359209845
9019748581
9470230740
9156024807
9119514562
9915146501
9181711155
9699056262
9956240141
9408651342
9800122419
9665019361
9259573708
9740689570
9273615683
9253144120
9184058083
9162810792
9274347903
9381308469
9853052335
9379943350
9583347725
9181801922
9335271809
9296007303
9437455978
9536872437
9317113595
9661950834
9493634621
9634726323
9439215337
9392474347
9818552178
9948011213
9644437420
9336350624
9582066445
9960153318
9216615815
9201662792
9171001876
9853067322
9679123548
9903058544
9766490972
9621425845
9690312076
9584516302
9752224413
9534017472
9687448243
9548579190
9753003785
9875378647
9434393903
9665898179
9613390164
9450217125
9825298656
9157763329
9926710439
9553193963
9290002598
9862784348
9243643946
9655745524
9386505149
9865117919
9227223504
9746465416
9714411054
9901947480
9443888997
9789803903
9146581794
9683268624
9780899355
9754054375
9065873040
9738505358
9687311995
9501347191
9878596367
9876598087
9600860046
9521825335
9493816463
9147550854
9841384904
9138403907
9548428598
9190290500
9945229891
9988240347
9283987417
9216718594
9155985214
9037418552
9135582624
9174077950
9787870474
9604076795
9725937699
9432199122
9649977123
9862321745
9709009322
9213006683
9585709823
9255512055
9469161367
9387197904
9542310389
9849177047
9295079219
9173303738
9409816459
9756120706
9150166057
9645191632
9582236749
9382949723
9446029394
9490718694
9349205275
9820901098
9332401832
9992250551
9475134984
9486217706
9122538501
9298625444
9958843360
9145121957
9055693139
9009983678
9102015044
9039550714
9331312147
9621254259
9560170654
9494976681
9486125353
9007114136
9117357605
9880883438
9795650747
9611076193
9111434166
9769023103
9699100194
9684795214
9286837697
9082304562
9925664045
9216212372
9246546207
9442381582
9383664869
9040191210
9358853272
9929323656
9968329720
9360548931
9594519581
9960056700
9195977146
9274529880
9508710378
9762323743
9123707004
9043755682
9452963937
9893728796
9913962154
9017127571
9532335720
9478694163
9029849724
9016663371
9747224257
9819090390
9637526768
9705436714
9570577931
9381061169
9344485678
9213653523
9730970354
9762646619
9250781811
9373330486
9985753534
9426678966
9856787393
9944741194
9937387870
9679923234
9053159517
9294021944
9881878220
9304175291
9380123390
9598603020
9084692561
9025865509
9255670001
9727908730
9218135289
9664579619
9281434331
9307478015
9835548600
9309746778
9528080181
9159236211
9574922902
9589982951
9672514804
9317468020
9868514652
9346085248
9099830315
9033464380
9222683223
9105918209
9233815448
9512097248
9961021807
9912947987
9567421244
9065965140
9053457268
9364934701
9774728534
9231168074
9632443089
9532559156
9841365819
9629244307
9602921435
9350703173
9864673553
9422576340
9948713397
9633316609
9914837204
9325126027
9496147047
9553207616
9342970401
9335193775
9035608414
9205833723
9506945971
9720086295
9679630760
9796781040
9193182882
9233472353
9338201845
9800440605
9768342552
9088424879
9948487026
9414854582
9440374357
9676769683
9998499574
9111464551
9995571127
9618348630
9559895445
9941769774
9354001133
9548001041
9614940253
9647138325
9901454609
9808453007
9545783345
9677518699
9116302123
9637611627
9136798660
9443895850
9039017874
9336564239
9393313025
9931456998
9514913112
9735841876
9962643727
9944207512
9588439341
9116823699
9251712672
9209535568
9867508783
9593720141
9642427265
9752101648
9323974879
9360708999
9035135619
9466824955
9020499555
9642290779
9974941902
9158094318
9539928873
9099455047
9822025983
9008391158
9629883194
9723182463
9694779920
9009063562
9717356005
9040223891
9854774990
9261006049
9912551033
9726769640
9405797909
9894016813
9791778430
9137026002
9970374975
9359267341
9099709882
9338911389
9546517747
9354413606
9217786233
9376268152
9621818363
9352641952
9731172965
9496800729
9649982625
9214477532
9076086246
9544554011
9166810084
9407466295
9152661705
9594710582
9668421566
9764080394
9130364121
9119116397
9118762536
9589058452
9047728187
9771171180
9350322887
9069276842
9031428159
9766974739
9316323805
9581863469
9023939536
9701254193
9547451204
9308308965
9690789612
9872554175
9820077603
9450916751
9359759557
9439040637
9493105467
9152741583
9409216481
9783189046
9271022986
9217259122
9424766738
9949102976
9715146423
9691472032
9556254278
9992718739
9155347606
9993754015
9280603403
9240763040
9781557247
9507550249
9276137974
9372563870
9162678483
9910375062
9416402323
9715190065
9128607516
9187384036
9699957551
9252166839
9812733547
9941123025
9391677875
9215052804
9325722033
9401628833
9587717646
9579051269
9084814895
9845897715
9649348435
9152139272
9880473373
9973495543
9004658631
9966427507
9920539747
9989334207
9884877503
9589180858
9955008033
9520875072
9963095630
9292276988
9486438916
9850502977
9759317952
9392940593
9854065990
9590331370
9945189117
9072439002
9307143985
9576477373
9631775916
9397534676
9247084643
9658718614
9044359576
9584763157
9676626654
9810195562
9741260062
9756005849
9768709204
9560430403
9987692102
9697138166
9473829699
9442903271
9008234992
9298150379
9351235220
9003495341
9891727748
9462219710
9513621193
9349802495
9643757031
9132599933
9475827511
9306148854
9037112721
9174649881
9105814239
9130568730
9739166014
9328635972
9472976543
9617212909
9449328877
9890374543
9781524085
9590576861
9066467681
9372756636
9058317976
9793212432
9160058780
9726338174
9825455962
9014775329
9176170267
9982422219
9186700294
9186379254
9033405876
9590609458
9833051684
9424834016
9258144513
9760033346
9027084157
9650415411
9060857545
9488828247
9193916182
9135657665
9839024006
9064198045
9181721931
9902206812
9909342302
9639707052
9508606028
9974442197
9780632169
9830586968
9785354594
9829574641
9762442951
9231839436
9226608658
9375983411
9559452176
9916819032
9898588503
9621697026
9110859669
9004773890
9651925268
9269692902
9486945132
9372806827
9088461874
9843877719
9177681562
9312723378
9848138524
9724022457
9710301451
9371299091
9638547781
9825489279
9101584375
9572863099
9893316033
9768249192
9764393493
9804623212
9555083238
9965721789
9639816938
9220245868
9719415858
9199960535
9288994517
9629222208
9193306602
9186797301
9236809440
9357690283
9853633206
9721651667
9475551773
9386245337
9159168114
9066442426
9988019805
9743000841
9607946219
9144316525
9221443204
9986040839
9611481731
9287839782
9891079669
9134178139
9445923836
9366099467
9912323623
9757023800
9446416989
9345066611
9546538000
9178494763
9381115113
9546278163
9906896002
9612196006
9445991819
9869949962
9524601279
9365530676
9083557963
9881985241
9583486928
9711078222
9497573593
9559320721
9697860660
9565118206
9601444915
9471426934
9002257360
9909758270
9083259328
9623486779
9002129928
9105533258
9136035306
9607563229
9567740306
9989775119
9165646773
9124888848
9899520018
9051045068
9647997308
9063404983
9362652403
9968756936
9662016168
9121309164
9427704909
9961381925
9844087393
9992501210
9076190855
9584875544
9148967661
9214515882
9672960060
9021598098
9056964124
9659796858
9188358821
9333646311
9578147507
9885870862
9614227370
9838898389
9506207785
9995722879
9399846351
9967228542
9277406834
9051418998
9133339099
9226494870
9261599988
9042892217
9257948040
9999635396
9148926756
9171728503
9416920616
9495453181
9585696648
9790008686
9006851701
9832811701
9012834892
9615179853
9788672313
9123614393
9111266535
9248109047
9475715915
9810591489
9482413179
9556553873
9895539796
9243269434
9337277308
9890735383
9108080031
9358725346
9385675754
9237734868
9288900181
9709710621
9803644630
9809764000
9954528175
9085276434
9222637499
9718484626
9367480498
9493459986
9770638856
9647435685
9471283611
9396357883
9375382174
9100883068
9876249329
9839941408
9883489895
9255105921
9579454471
9757124126
9516831517
9733470498
9080477318
9456701228
9324571560
9817535802
9677412329
9337100792
9863203259
9924696752
9669526214
9437256333
9817857176
9460172345
9617030898
9440888108
9544765096
9066961428
9548057233
9605258342
9421030094
9023441148
9915845154
9306515852
9939404154
9865127694
9556331736
9988025661
9269217018
9898494585
9919255993
9353377993
9824236507
9364930998
9772796572
9351178132
9498001053
9302328142
9698751652
9918561801
9329316019
9695986375
9450357437
9218288711
9728246729
9958591628
9084800662
9137852204
9002202768
9813896170
9022182162
9193749441
9733930440
9441150903
9065339705
9798301225
9744262469
9700896345
9998483803
9833129882
9710901584
9794700772
9423612342
9239768316
9253990116
9309320756
9125501795
9990571264
9746002315
9547561062
9641849561
9930455720
9674106019
9726554422
9367800915
9016044904
9470699328
9387930003
9548787757
9411837853
9450952833
9974271206
9035923612
9143377498
9385304176
9899409986
9770797042
9647475630
9233005308
9648433921
9082985515
9452673657
9972754112
9479199867
9627737947
9633674156
9159487124
9144550856
9915935945
9400863989
9498975555
9928587624
9267112267
9422056166
9482727430
9260199222
9516018918
9004264149
9834112899
9577442729
9717293189
9299039189
9343985922
9675681342
9134937598
9422853826
9810094485
9605080604
9905046867
9024584972
9256512892
9088933111
9003355839
9974582664
9094138856
9542686651
9696211546
9758696062
9482577557
9573813772
9200528052
9814413551
9198498719
9655831672
9675193505
9914344756
9030736498
9869933924
9077504422
9212169154
9589008914
9170620257
9366356866
9670250886
9593874872
9693678751
9114019783
9629092453
9089444171
9878539688
9827187961
9089725613
9741097469
9530094307
9019248026
9608398922
9340660025
9354217693
9597745042
9366616181
9336912048
9041217802
9333362079
9261275982
9057034537
9226779399
9612907195
9923263310
9795782485
9529817886
9777677046
9190548502
9292584841
9610785668
9463946648
9501594833
9995118989
9860650231
9109824087
9141191230
9855139162
9726574554
9039341661
9484165139
9106682367
9831605827
9233979242
9237979988
9951840339
9225417121
9487659594
9855718216
9598896035
9169773395
9739351512
9824618621
9192599638
9257808219
9475461153
9130331266
9630247069
9782492219
9434644903
9801218707
9726415097
9612634158
9761505268
9086783369
9771752464
9757872362
9423288595
9038984108
9746700350
9101995575
9196602781
9025105642
9087693632
9420691819
9762705066
9972301334
9470649285
9870289177
9250654008
9679653188
9445860319
9350872943
9027606781
9480180846
9226436664
9930272154
9515035951
9765149455
9473994393
9095721303
9705146502
9205310561
9651807944
9186289838
9712716396
9337434821
9174438730
9622616468
9582363100
9385142174
9453437416
9367269990
9861985829
9676341454
9801256716
9659207056
9228296717
9289787597
9688790600
9224744704
9544474060
9103660537
9586096363
9392877582
9498156196
9156760374
9582590612
9965276711
9087170285
9399590445
9243841173
9413049199
9492433581
9331869448
9488010591
9545616027
9970950913
9982030475
9193105254
9275654512
9382243903
9082418782
9652826780
9274930719
9203261618
9217929754
9817844525
9041384180
9199414308
9331644118
9650085095
9559217504
9361175765
9958497215
9806863004
9209726658
9871042063
9235265535
9785337060
9406715770
9583764375
9472777029
9782924272
9261004149
9665019247
9827881822
9470855800
9449600765
9934649075
9022229827
9650268669
9967790792
9643435001
9679192641
9477675189
9771004211
9349928242
9353334590
9217652300
9150732550
9345876186
9346694023
9102395809
9427821319
9843140749
9233517678
9865506530
9461386216
9574164092
9704024463
9776218029
9479078116
9424732454
9209736493
9531936843
9135388071
9822984262
9778389421
9951658506
9057794258
9850577607
9951390894
9332829034
9275820277
9367004469
9568527310
9909251833
9541594043
9709000115
9604280010
9224074126
9823176564
9421894785
9960648129
9422370748
9226867298
9671940416
9561528275
9218094969
9859482535
9961946775
9971685396
9636678490
9350887513
9792032463
9786743142
9174153625
9179515768
9188710563
9600239513
9025907007
9540347767
9948742761
9278298520
9803559740
9008672927
9680769557
9962147229
9403072731
9332079245
9347685824
9500667134
9638840084
9443151765
9247860552
9993608276
9364122871
9030215137
9749936921
9272612145
9766107248
9674840825
9859750878
9221569791
9059690883
9676018457
9645794691
9844532435
9205356730
9281112457
9689707470
9610245233
9473781967
9430434122
9242904740
9503372798
9110065508
9582705472
9891898586
9565991259
9555764139
9994776138
9740584885
9060567236
9051645007
9555196874
9424578925
9727344005
9908177687
9206692656
9872576526
9177299674
9938848140
9327129449
9027821824
9538837045
9737729265
9303698284
9099766541
9767732533
9908355660
9042943474
9163232798
9596340516
9092924171
9604719627
9217424663
9822576084
9534994594
9029369378
9042581365
9953877796
9965405261
9413344420
9416300696
9822954134
9181934883
9101604712
9003095949
9845699861
9737511834
9326678887
9408219682
9762685085
9224022386
9125763014
9240978502
9617901338
9184029338
9732713995
9306571023
9983075229
9331191437
9055953679
9542104817
9777128440
9317951342
9583859682
9787057254
9955731353
9114343337
9868078732
9538685624
9215219074
9756378210
9334495946
9430812365
9662211016
9583546847
9072767830
9512225295
9406601102
9767298392
9350711963
9661652344
9146807178
9686259364
9619857838
9838110012
9941042198
9804786164
9182506217
9086080925
9367374959
9494496221
9731446144
9447317200
9098566738
9486271997
9840793956
9442266537
9644915518
9431430410
9212481713
9263076676
9081707407
9492950091
9153850248
9960473656
9308069735
9505631664
9574381314
9070050734
9724921538
9625508841
9492433358
9839183839
9822449155
9749384849
9801490179
9349180255
9979158424
9753281879
9123561919
9540741941
9812011177
9150281038
9584740190
9062004320
9845724494
9762493866
9577448083
9587699333
9738191493
9319057847
9124466126
9975047223
9568610982
9785498527
9601128871
9041560343
9349453407
9745703616
9357985542
9574222936
9082482711
9267520593
9528220181
9039786769
9878041066
9390563278
9468224626
9694653319
9244237903
9079084167
9569584085
9156579769
9854192463
9380907337
9120554316
9575954883
9795881372
9772893151
9276836414
9122988126
9438866940
9891727949
9802318739
9908167363
9150743759
9953206602
9616325646
9013715509
9466455786
9781074938
9762469800
9940346162
9927681989
9111740632
9591414933
9176998727
9658941951
9534664933
9852211833
9221335358
9319158990
9561486197
9278610048
9039203544
9288097719
9155610148
9425207876
9813836514
9270602781
9182625132
9034268426
9752451082
9100257575
9175108791
9506146358
9881771026
9402466084
9309202107
9766072092
9852109259
9174171161
9640499962
9780355562
9944403334
9594844167
9720484998
9503449729
9166782673
9822095123
9069753967
9412211459
9420679917
9313508200
9342251242
9951944000
9605609954
9873670856
9154393334
9127602223
9133669938
9700286852
9055038939
9246080853
9217773956
9104987080
9258356692
9070964854
9372272372
9961996932
9021513101
9837568368
9916997223
9152225552
9843511385
9196168571
9610167799
9173597381
9884352473
9744136878
9633592290
9966734424
9868914708
9964019800
9409252511
9162235909
9151874477
9740157899
9052758408
9184661097
9344478957
9074126951
9769554125
9263486020
9564289884
9497799458
9611878179
9002037963
9233790421
9141400394
9740289255
9932901446
9872120109
9824408111
9765054997
9588729113
9768494148
9887986094
9634066531
9484231240
9840369103
9539184377
9541700793
9919507463
9174732915
9613989539
9145750605
9600353188
9881788716
9313434095
9920458483
9290923073
9906481225
9084133477
9498314073
9513659347
9585835959
9516205901
9646675693
9940181155
9358127402
9435728470
9964400515
9230690987
9841308852
9044238058
9919187455
9887923022
9594651494
9391423571
9175214629
9196414563
9726070262
9215807653
9853479212
9645654235
9458463500
9354197965
9475902766
9092791987
9005678332
9905414353
9173974351
9008025713
9063360961
9191270334
9935746048
9060767476
9197739302
9519635700
9633250181
9109104909
9282563328
9021718081
9414679331
9036831453
9018819631
9050653282
9310605010
9533492274
9404287376
9756611859
9443228484
9062833020
9831490349
9443035093
9589666231
9063709872
9857130345
9671165889
9241655163
9580885382
9114818600
9333369942
9801038344
9682343955
9047608672
9081752434
9555227606
9570456772
9046347626
9436369625
9626053320
9065509651
9310731956
9322490650
9084171300
9959363742
9756436782
9704371401
9715780341
9698262261
9086690787
9435162588
9049647556
9957557376
9257735759
9598667810
9285622499
9374405833
9100803608
9126221251
9917350889
9848324387
9747333803
9599854194
9479267445
9694237044
9542572044
9851703278
9698532622
9291592454
9994458267
9695048257
9978279942
9553476800
9929612751
9662031754
9592905757
9846548210
9664321504
9229731171
9637281443
9407367241
9503583348
9284594361
9903610568
9396101463
9786578593
9840869708
9387232328
9532336363
9099647742
9358951718
9172616908
9810487257
9300283455
9473772371
9795511621
9962231978
9883415365
9637368428
9398445996
9138369008
9220460533
9223438667
9889863701
9924234585
9782629948
9245541409
9285337777
9096113279
9206841751
9819910463
9124354030
9673727090
9665761421
9990460067
9879535750
9306257206
9012906165
9584604753
9056766221
9944311096
9739887330
9051269867
9559706821
9897298069
9074975351
9796525081
9059484706
9735544543
9548316119
9291945163
9097395229
9713949576
9889655675
9238880688
9283350368
9043814141
9901967650
9493084376
9398105996
9424212726
9843061166
9856371666
9385171272
9201087178
9025872366
9385463171
9370463210
9835771005
9635874462
9147592310
9222518180
9841494861
9456396757
9616853287
9465960583
9305427604
9136453890
9433975102
9588570068
9238550251
9313836139
9897327440
9658985394
9825986626
9695886348
9816850850
9165220136
9493292322
9579378763
9695076235
9409572759
9078309747
9012566709
9939166673
9338277434
9980472041
9297286834
9714332041
9228656365
9616485996
9883219472
9408032343
9622050339
9893522411
9989485404
9291361228
9352649779
9144925981
9298652915
9314548481
9226325099
9073266637
9011928814
9478394691
9434690580
9797922986
9097936600
9159078954
9524351975
9677383640
9607626662
9008820124
9596713508
9498540513
9761649172
9502281054
9642632449
9142852599
9884668708
9067205974
9371921657
9087639237
9415381572
9423052813
9646896713
9021103023
9870852458
9006848879
9189263819
9908958294
9184614194
9510504324
9416208221
9372588923
9085743802
9260939904
9730240865
9129086875
9315962218
9778316747
9262400153
9931643222
9441215817
9386875859
9189893349
9172674359
9854094562
9678881429
9264974147
9890846709
9762945575
9083673158
9952566900
9329931724
9723966879
9619628530
9413032152
9245619603
9551767368
9282934159
9005043502
9562308128
9139047605
9703737532
9863045215
9126375627
9747871878
9591124676
9605546172
9206070239
9525298845
9714588333
9583830854
9528619357
9755173376
9084630001
9732771840
9160011329
9340510172
9196180774
9740101119
9241364196
9229284796
9246616325
9480508830
9102026858
9611546938
9882400063
9883969515
9417874398
9268939975
9156587515
9874649649
9650203343
9012195615
9516377665
9667263897
9194715099
9932696292
9776919132
9673236646
9167976256
9755627347
9149961993
9463084983
9144632145
9904776619
9906277777
9513200278
9771856243
9298775272
9281243230
9801361452
9734271905
9635058100
9654197814
9111733046
9859649715
9436885575
9324566244
9111864852
9806670621
9869810878
9433301064
9504100213
9309460848
9124589092
9415371440
9341374749
9645362896
9018767795
9309952342
9855329616
9278375578
9752044460
9612037322
9500748843
9337966517
9764549189
9866175953
9230690352
9903215410
9152559741
9812157960
9034907426
9046535367
9988820320
9094074197
9175589071
9071204602
9855518526
9327163944
9198006081
9437925832
9320608899
9665502389
9648930916
9692392470
9258195758
9751819664
9062988437
9850902596
9267923011
9401480594
9648170914
9312288662
9880730750
9697597759
9714824278
9430200851
9430813259
9792309949
9344784786
9394291265
9569363172
9220557307
9600877799
9296554079
9848224920
9442568185
9499406835
9341712526
9105552835
9970347064
9730052896
9563478068
9367900450
9746992546
9847399517
9034792822
9778275576
9653452380
9506032016
9201072505
9227276769
9424992474
9742760256
9644909315
9597851562
9332828403
9282339878
9008797640
9505995578
9913213068
9013045077
9534228332
9803874989
9113524654
9207207928
9911890491
9457653533
9574881659
9021125390
9546485236
9096239628
9850700571
9780555983
9892135992
9324691294
9013548739
9231004471
9167250348
9802435012
9919199564
9547996578
9074398610
9171920099
9084865423
9992383495
9976624328
9394101650
9607232971
9279277446
9635572156
9475714072
9836277069
9122374173
9187713979
9577133950
9520238749
9037488374
9478158582
9800928671
9185995348
9667258245
9500194775
9399572959
9025661489
9821219947
9529363575
9211276911
9337302771
9957552989
9767637487
9272077336
9417160987
9513673196
9679498009
9140908188
9416497863
9378099098
9928412638
9529678439
9024148212
9359218519
9920955932
9149851255
9963132235
9865459004
9479921500
9740804635
9307492653
9230130940
9060608373
9436075299
9897247814
9273277394
9244565060
9195947440
9945757128
9533332645
9844841040
9434088108
9386489373
9658626344
9842396696
9656522847
9490183410
9368386885
9039511147
9278994194
9108688372
9851600518
9942223490
9489194060
9443071360
9090105384
9874881300
9667332789
9919202041
9318171881
9615620012
9630218776
9666143385
9411148878
9254863826
9777839843
9947099198
9306980556
9268804425
9850352022
9602985677
9812799396
9096830072
9464368138
9793309510
9454811502
9204326310
9011516830
9835333258
9422991083
9698523624
9143882091
9179004925
9385962824
9707322053
9003738741
9454837157
9334333821
9843680811
9727196254
9770616330
9286416581
9265223439
9434051307
9881802080
9355642431
9358068069
9682355507
9067233184
9634411736
9111203207
9320877937
9440101195
9866210905
9422439946
9036307044
9995032999
9957402594
9299862351
9422671887
9702656169
9773108225
9096729440
9637726770
9059137316
9947682101
9517299316
9418930329
9826707588
9232897751
9520051952
9422273147
9955323698
9425602114
9723622833
9801174495
9954114853
9885098619
9036069888
9932858468
9573847690
9906039556
9775751089
9949521883
9726474514
9761437791
9671411856
9289565166
9642166049
9393711065
9922516200
9070685918
9971020541
9962951647
9639230080
9512573111
9679416172
9487968732
9268929431
9243026530
9897264344
9415901847
9542685990
9447455494
9321743326
9598446932
9289856286
9575601388
9750244402
9085668032
9866892905
9708451186
9490159677
9884730766
9411968576
9249353157
9522694334
9369096669
9197380647
9948492860
9628773407
9489557482
9933764524
9119557492
9274421246
9073708136
9494224645
9415201926
9216727890
9110930115
9584149281
9581337392
9621171233
9600874082
9830321081
9706793951
9731739608
9465333607
9229529852
9970541902
9374839193
9573568520
9980513250
9094374287
9692279192
9421431157
9005023446
9144368548
9356273895
9160848308
9957534890
9573153367
9207979563
9045709613
9746390831
9411829151
9280194088
9486980554
9356435076
9158251313
9851688754
9740024271
9523259900
9458655652
9121376389
9670472254
9614211643
9736862195
9799403278
9728073835
9011960831
9294271117
9618012802
9731695204
9264025523
9194638844
9843642391
9074866900
9840256679
9195111129
9813973237
9035701550
9986358667
9687391093
9354057468
9123381626
9793870653
9649789582
9825946092
9064985387
9340013469
9409266980
9544416040
9385721683
9921803765
9861048730
9477889958
9802739448
9880124773
9176793104
9959460733
9441421161
9496245738
9164225524
9143040011
9855063409
9162660634
9971126609
9647020578
9117317160
9756763323
9994648955
9511607711
9114825305
9176892890
9692704261
9315431398
9713142564
9875252972
9101537194
9576212362
9878371913
9730751556
9121044813
9197936971
9247458950
9874162482
9322643952
9770690994
9164047124
9085909337
9818176402
9594298842
9187512215
9088991804
9131317701
9901358871
9246457116
9002574347
9032185411
9121288795
9775634612
9242899691
9028753285
9835219918
9272939139
9188161843
9719106204
9249147884
9458529738
9821608431
9591497553
9497241531
9450827880
9454161186
9915160372
9947015354
9474142507
9602123854
9477450824
9324272961
9663444949
9288722236
9972163645
9700218510
9764958974
9230731158
9505399518
9110890184
9800464007
9137055867
9438352290
9501894651
9246239601
9303830270
9831386021
9916427883
9163761104
9993832681
9500666771
9563181102
9382349527
9145600497
9708123926
9600136286
9518678942
9362682029
9374980790
9324356311
9303265192
9597103792
9675170682
9074330975
9383403641
9260253143
9729022472
9105741319
9072265991
9221262746
9550592294
9509040897
9649337953
9972822105
9690866843
9242499386
9887288610
9881765986
9510768676
9661807810
9822740141
9870495376
9016277384
9790577346
9124216794
9173470041
9337574217
9840804531
9746420240
9338914495
9865533338
9550695945
9096123966
9726300025
9691521325
9772476238
9716764786
9063728275
9712243891
9425122304
9975209079
9677443868
9985162123
9295064797
9076976682
9154790027
9896955650
9097214456
9761713116
9543349160
9521263959
9252668955
9526217885
9970555788
9790935208
9384997560
9482870696
9003593005
9654268647
9308342676
9868519021
9751561359
9781566031
9985545558
9546546802
9012224950
9786666453
9447158092
9192815663
9355908637
9242240180
9242537860
9258857375
9059792121
9618784441
9563386957
9391013158
9561480929
9526893876
9642196608
9111664827
9096239566
9770399340
9880781717
9653173040
9557015719
9213095637
9408946943
9768624175
9433387508
9686705215
9580151746
9287221243
9769678973
9603398904
9155367407
9175485429
9131649036
9841133349
9802867494
9664917431
9199288945
9375766346
9395174785
9952049854
9439633760
9642764808
9414831959
9946667629
9640703379
9020338420
9745994489
9651783844
9579365579
9265610053
9371869472
9572457728
9317827857
9843953846
9225729912
9123588537
9377979563
9904544359
9427987850
9379340340
9765999974
9234985681
9694312608
9019410639
9643378945
9118567700
9505165800
9766560423
9068458124
9953908463
9430175263
9019217950
9969543869
9224676164
9928583127
9970659039
9096151490
9575285354
9274037039
9102540334
9836302123
9940047315
9077304020
9362640889
9127208896
9413980602
9257785689
9845755735
9497826909
9388332491
9300005086
9796556705
9236275729
9255313899
9740570248
9839051025
9653786966
9465496281
9119973389
9337711617
9653297486
9534905171
9076621711
9837604724
9619164995
9445490891
9178395260
9034748225
9711396639
9985337643
9638659511
9207722870
9784381059
9486307340
9617027489
9625892264
9803827367
9899453144
9120947493
9449595915
9355562451
9195485838
9142095769
9173071405
9269797460
9941779670
9903610519
9777660303
9025881934
9293365829
9760347700
9407085421
9383942658
9732124474
9233118985
9743745555
9631578188
9312642069
9527027455
9767384607
9369031298
9015966740
9493379635
9223574760
9920027063
9993368213
9143094356
9312074188
9323158381
9332786610
9541695986
9321680094
9746884332
9058231836
9735522012
9264591467
9850494296
9167529881
9834968612
9756117866
9169839244
9020685954
9068362310
9873973463
9403757357
9928584963
9882267003
9787168347
9306750927
9067209864
9924009684
9422616126
9088825116
9944570167
9937064457
9353888839
9913768631
9415175636
9729337077
9810105620
9107948421
9107758870
9366921867
9640590193
9293470096
9028567290
9495653820
9477569491
9287402973
9834700302
9148745500
9213410339
9892081557
9773803357
9448445099
9216564703
9813160841
9194153713
9860103196
9204424437
9595591776
9420183873
9620530116
9583406332
9866750978
9530422388
9073865165
9825707910
9781177161
9579965378
9128775880
9908792825
9465610675
9250426141
9043553737
9484499922
9601113027
9217018833
9245786973
9695312688
9347116763
9313391433
9162815016
9657138639
9530990554
9999483535
9995195887
9443819662
9016189654
9059105540
9375322567
9767944708
9482040965
9617410221
9469595312
9572299282
9058627131
9274758212
9299583674
9918599753
9122181409
9832803831
9700254721
9536810893
9772742855
9758074398
9216726285
9674765379
9611794450
9397835486
9150758013
9163484289
9442254324
9466530855
9288979664
9748247625
9906659439
9832977166
9313110826
9253105196
9225259492
9335763844
9438012120
9537490460
9457869114
9157907643
9217063036
9609784612
9411216251
9103177968
9985231340
9459787194
9292564771
9832827591
9484887441
9180059333
9898286493
9794418114
9666182314
9521299001
9898567382
9337427890
9473392941
9963194990
9634045041
9491609724
9724977093
9839776008
9300887252
9383708516
9426933415
9556842872
9293579716
9094712719
9180870314
9631292447
9760364104
9749329224
9028144096
9697468337
9045848896
9825286298
9719472521
9305000294
9678545020
9049757594
9789722238
9458951516
9679056343
9469512677
9653739728
9073014611
9078683288
9048709982
9282696989
9319057887
9852600377
9458361407
9171608256
9882859971
9452804584
9737593286
9424843819
9281413763
9217680360
9209620585
9558647887
9215831283
9958665519
9751465558
9460372048
9592842285
9811347004
9650298186
9025720545
9885048662
9659123842
9930402947
9872103709
9095695736
9636872850
9550594273
9999964242
9161977843
9890626759
9103100650
9395550346
9971798545
9533972181
9077365799
9729773422
9556638653
9962580361
9261781594
9070770525
9468290971
9917944971
9758297679
9258869246
9520903104
9869818338
9566425984
9302622596
9324593638
9605174589
9553197203
9572024997
9664668789
9157642808
9182489777
9652462242
9340082030
9273710719
9782109474
9050553005
9749721427
9123715347
9500925018
9899522363
9986536449
9970043782
9285379115
9628669338
9603728133
9173185511
9986053588
9580270580
9833181749
9687471045
9709342041
9391068438
9487728798
9621178812
9413694545
9886022253
9346949964
9965065191
9016731744
9328004295
9195972143
9433656413
9897410217
9251678542
9003516651
9931440828
9387309878
9894295313
9201345490
9308450001
9059184410
9638074603
9846695428
9830785379
9652809453
9040409545
9381838508
9678262579
9771963588
9140647473
9928509398
9901950790
9462064972
9060786132
9034706055
9820832466
9503530734
9297466645
9456141723
9344841453
9966724546
9889911192
9540822896
9216481425
9784272928
9173757955
9250934690
9824284554
9681134287
9373171456
9266275508
9775685168
9217026709
9675761008
9202329678
9982377575
9006646024
9747272174
9148481306
9090466942
9394608305
9459970522
9223146651
9315091845
9842366915
9249638700
9210603250
9118626184
9015732719
9314273215
9734660058
9767142731
9994853870
9816573061
9854648869
9859655173
9527038379
9445969023
9380550350
9143717332
9322708241
9613689650
9673712931
9800624610
9227426390
9444413965
9611879403
9023252444
9425806896
9308722215
9112459057
9371750022
9247974991
9666341361
9797118857
9215562113
9231891553
9874433544
9229604520
9482694185
9022912606
9239573092
9385274645
9254355195
9354055403
9576923450
9511215397
9575633863
9166773142
9361852494
9515217959
9296233813
9443575342
9136413800
9704848098
9016932467
9882423739
9121436087
9474750769
9563389803
9341230401
9950288223
9763998886
9116729493
9650161564
9580985873
9288315627
9308269758
9857762320
9016412317
9498481422
9964649418
9045617899
9594396075
9442370074
9454270247
9113176887
9146432143
9460455565
9074751846
9162944725
9728606841
9817768302
9378627423
9656897580
9580558106
9128745594
9252846898
9796460420
9905720571
9908429748
9028579363
9119329321
9162688721
9619052518
9978183829
9114022539
9954062884
9187196547
9017707871
9826221952
9220597603
9201161330
9770523553
9585833832
9518739314
9155222317
9636036924
9071958549
9110852050
9350869308
9202082640
9183082581
9923676562
9190940561
9179597937
9983178209
9913131385
9563546264
9620926893
9227191042
9674077077
9589895558
9041779587
9903268736
9365812266
9297404730
9495456220
9090050991
9956930020
9802300481
9006350820
9440001254
9761665123
9206456026
9617074125
9150208787
9285701604
9223910970
9672159720
9701802902
9467212382
9294895699
9100672890
9514655910
9955472477
9134055002
9159328949
9263709348
9065794248
9970130934
9104628536
9393360646
9040932191
9192927265
9130748821
9869772003
9433550481
9853889208
9807674396
9884781255
9002712969
9257544333
9775528684
9100905440
9200962014
9117422832
9265763530
9912831653
9797293958
9860578980
9314796827
9901508034
9307738071
9665089977
9342603935
9079695776
9991496968
9782737202
9696476578
9265034084
9764345829
9003033506
9792599263
9073284591
9979468363
9429515551
9656241102
9184935088
9019988423
9462611848
9565442150
9271416090
9310717779
9832627995
9864880902
9187468246
9734378178
9076437912
9122135415
9554776288
9080727420
9014187653
9697484524
9698126022
9386439646
9256053755
9025272195
9436399093
9277167662
9410446434
9379835915
9112388003
9912611324
9020826692
9483281955
9789163530
9162393711
9201597644
9040653646
9754291699
9440782038
9972081624
9540541150
9297205239
9879492225
9881266059
9033388005
9264615978
9938897637
9323622148
9181197857
9990084008
9801774725
9572491137
9680653186
9592744395
9726607902
9130110495
9487744539
9796439963
9645458347
9227326053
9638091131
9985276003
9038361213
9274816316
9450006669
9061737046
9906006713
9187033026
9437988109
9386049070
9167668389
9972492500
9354924220
9474572391
9206610106
9017466864
9181154795
9670031589
9761552393
9361397104
9587242331
9483367872
9584224215
9051341428
9055060812
9865626244
9410276785
9677220698
9537734121
9882081055
9780794136
9001107687
9923796815
9533999775
9144712297
9979815028
9445957916
9877725653
9559251581
9679965202
9131310232
9930934016
9004036215
9677909843
9925571407
9763595390
9699742440
9883995428
9105825497
9474758437
9867409073
9275177758
9237301525
9843009793
9385076965
9412785797
9014052750
9593891641
9668499218
9934440772
9598835995
9195440789
9851980585
9320097993
9592445030
9628833929
9928815934
9694368910
9447030356
9439554786
9264652709
9969511159
9307465182
9597436863
9865759853
9008307781
9239722393
9210271995
9041220253
9880738786
9107686782
9871122964
9502818159
9211009408
9803994957
9064152100
9428006557
9176113713
9890592805
9637346895
9064672278
9322746337
9230731766
9586954100
9311662895
9751297275
9627804529
9387668089
9464234395
9059166010
9903032491
9590432229
9775990940
9506419034
9509925153
9703785202
9830308296
9169221669
9627989294
9487193122
9168365747
9898452242
9136185140
9237724793
9753001373
9140444324
9833060873
9558428824
9843178546
9758786060
9471929711
9257293787
9534512624
9229373426
9401249072
9187098343
9223730193
9854795790
9733899904
9809023684
9901735224
9658933530
9702109639
9701411382
9341280013
9050473935
9702670500
9562331785
9794173386
9783129636
9740261428
9985242796
9260942370
9912386512
9974337900
9600803760
9314206662
9917777467
9297990068
9890751123
9619077346
9417957492
9926879422
9045077454
9442009141
9919360476
9982781307
9389080222
9291443087
9540483987
9833457043
9342195813
9253915809
9506215728
9782764988
9574294375
9595995918
9248476325
9564518867
9731629788
9034798472
9971653784
9665501682
9219405210
9697684254
9621245104
9727545722
9063701276
9479680646
9672814755
9792043932
9487129897
9037548043
9921360723
9855240618
9190792860
9110366169
9347430079
9174605852
9363413124
9835227900
9745853650
9314362022
9055115196
9044443742
9830223653
9981545451
9908549915
9570455167
9916236233
9829250047
9127001580
9249419112
9282963421
9353821553
9903041142
9087316950
9239403780
9066380560
9989168374
9077547326
9945328877
9647586752
9921548516
9102700384
9492245094
9182022036
9502556729
9114047628
9332306936
9059514122
9715819676
9601661796
9651504451
9440751282
9149132172
9963035462
9321517540
9095824311
9208556671
9486562905
9480306850
9615425906
9845908382
9715562670
9046263050
9947560703
9612948117
9174211864
9118726728
9109187207
9667081418
9499783734
9191069589
9393864744
9244989157
9551674234
9600010582
9932266820
9145194006
9251732543
9134769224
9176212822
9506310377
9140347899
9942907925
9547343664
9103774101
9002416767
9673695070
9470318350
9872218670
9086864912
9453577591
9502384850
9639011141
9371760531
9523776233
9025422866
9734461091
9964369661
9389711079
9771636537
9501321671
9193199320
9425321369
9057500922
9736192513
9544027521
9793117889
9527148548
9706561611
9774930907
9239535652
9986971018
9044829666
9467125911
9468239611
9643884514
9960581233
9987526938
9670753301
9954785815
9408031357
9069257379
9062467541
9120133928
9017116675
9955599879
9124441270
9946736032
9378666024
9899674659
9677750701
9561298403
9014579065
9326167541
9505216880
9585629019
9167153182
9685980854
9770608936
9527087692
9182430312
9328774848
9883840039
9069740680
9938863504
9971495308
9718409708
9209801376
9956445645
9387076957
9051945661
9227884318
9016201616
9905466504
9672575200
9729182232
9783875982
9347425620
9090416001
9355039660
9597576031
9464780435
9951903352
9174073947
9955796511
9678659446
9101778243
9037997939
9466323505
9781224242
9983874731
9747209433
9269006374
9620857076
9605951626
9930733922
9952155167
9103500786
9731116569
9523778587
9322632465
9093295444
9504072413
9116739249
9067308949
9537756326
9344524791
9120118754
9044890094
9397744700
9353028343
9259036422
9582691154
9642268268
9746449150
9662602613
9320965637
9771917362
9420500402
9160393067
9829961665
9835445910
9249087815
9171878365
9185004731
9413733465
9811484407
9317225288
9825250454
9432810635
9444451507
9545091123
9763149524
9230857912
9902933926
9907956416
9497524703
9533671812
9133934312
9290007073
9941970044
9420167581
9420786239
9473743000
9762762261
9758341175
9512715655
9115718572
9486478961
9753695170
9332441865
9436572795
9789628215
9387539297
9442661986
9409027485
9994402363
9382273990
9705530377
9866126461
9548737307
9722273818
9542688760
9964740928
9669581298
9643079755
9608258555
9120205515
9797515782
9368662830
9587843127
9229035175
9995807480
9334968712
9620579089
9578852531
9144483238
9497597125
9054429168
9285658547
9922645298
9708909485
9512207798
9118338609
9940482627
9925209341
9046236387
9660781237
9329043668
9911494075
9479304662
9336740891
9600755127
9867206109
9306803636
9744012081
9415226357
9017097376
9680122191
9194422657
9542020765
9994677729
9434426101
9428705309
9837985528
9234359605
9324959217
9964517034
9699287230
9218645343
9934178532
9854823284
9943028497
9716540509
9869556702
9589353319
9252525194
9567723583
9457861760
9604138424
9731515653
9899854017
9274896584
9106549751
9107836912
9867746222
9297982221
9290157701
9081199195
9126563108
9556415115
9897012461
9803862520
9925842394
9601577736
9628878934
9494985192
9358396845
9911324052
9041640706
9357882037
9570951274
9374820486
9926972744
9535392420
9779962830
9303513036
9125199937
9268684789
9400494502
9377377010
9068766046
9052839199
9771821049
9200801132
9915765562
9167711147
9037287128
9243751417
9637130263
9673738191
9355869694
9211731650
9754165186
9486130799
9908841375
9243083840
9727421734
9609833871
9720346528
9074328426
9424073405
9526480421
9127658006
9915013797
9748187431
9191918272
9504921923
9580080842
9853483417
9892483344
9208627351
9413546233
9090382242
9552707171
9516005467
9288859641
9752907358
9207328892
9384203184
9392429722
9303710427
9634291942
9635479596
9055643865
9670634610
9238630347
9199158074
9698168461
9286513156
9768224219
9394327496
9825866735
9618738116
9276525315
9932056050
9828674952
9199134958
9287386868
9738068655
9430312386
9937418447
9691861409
9462557641
9739149579
9993952489
9214606451
9830643082
9391949794
9310994912
9871749903
9886448511
9181695280
9281947133
9366746943
9893739805
9943703104
9910053841
9584702643
9878988907
9031967315
9355056736
9499760316
9570740499
9595399501
9750916115
9539449076
9768560144
9508907477
9461156938
9992377949
9194400427
9461408401
9158095942
9526509007
9512241071
9278403497
9058869528
9735569677
9211021452
9383501549
9412849859
9321675072
9473369749
9685461319
9010854014
9600751896
9012917508
9781682273
9912459857
9089994117
9073493471
9623756440
9600396821
9358153762
9667025765
9827929667
9476452666
9858848055
9050078487
9151115391
9453693716
9634572746
9749338320
9109525784
9131567897
9595309748
9116583738
9131764684
9795565838
9153786024
9937578563
9562379648
9653804530
9253207049
9081044378
9872452066
9951826969
9242039586
9277681002
9763362242
9778563800
9157721362
9675717952
9379161515
9570010945
9430661891
9898237048
9440519762
9759470999
9702492537
9848392995
9175388756
9986315076
9967525549
9700350360
9240237905
9341229839
9221434730
9977813147
9837610533
9300862973
9742366450
9417638002
9395239173
9146308628
9821699572
9796350218
9919776048
9922286313
9137317332
9226031775
9179552403
9328135432
9603731348
9352475992
9405538764
9967107283
9337428584
9724562921
9046706885
9014537313
9872171075
9854031314
9569598489
9778621698
9071434350
9776886426
9193033990
9875541919
9594234602
9891012362
9423455013
9207943546
9164214720
9750969448
9426877694
9142046623
9983146252
9366825156
9017460357
9027327484
9533252453
9108442247
9924710303
9829276096
9933271915
9546953937
9302256074
9166760790
9412984385
9667849723
9710296023
9760860951
9497108781
9501038743
9134980036
9297617393
9651851500
9146819118
9508933851
9108825570
9832630115
9349545128
9086039925
9809525033
9444674410
9174906386
9460509489
9039929747
9825555143
9522206124
9701574067
